C   Input Datasets for SKYDRI Runs; All VPs individual (ToF IV; QF 200)
C   ----------------------------------------------------------------------
C
C VP           EVP     TIM     OAD  Crd  Pole(l,b)    Orig(l,b)    MODE TARGET
C-----        -----   -----   -----  - ----- -----  ----- -----    ---  
   0.0        25688   16748   25293  1   0.0  90.0    0.0   0.0    ???  Veri. 0.6 - 0.3
   1.0        28511   10695   20137  1   0.0  90.0    0.0   0.0    STD  Crab pulsar
   2.0        16994   13079   20161  1   0.0  90.0    0.0   0.0    STD  Cyg X-1
   3.0        16897   14827   20260  0   0.0  90.0    0.0   0.0    STD  SN 1991T
   4.0        16988   19518   20580  1 335.0  20.0  155.0  70.0    STD  NGC 4151
   5.0        28791   16572   26374  1   0.0  90.0    0.0   0.0    STD  Gal. Center
   6.0        17000   11332   20617  1 280.0  60.0  280.0 -30.0    STD  SN 1987A
   7.0        17010   11341   20656  1   0.0  90.0    0.0   0.0    STD  Cyg X-3
   7.5        16952   11479   20722  1   0.0  90.0    0.0   0.0    STD  G 25.0-14.0
   8.0        17001   11481   20483  1   0.0  90.0    0.0   0.0    STD  Vela pulsar
   9.0        28796   19434   26691  1 340.0  10.0  340.0 -80.0    STD  G 338.9-83.5
   9.5        17015   12009   21283  1 240.0  50.0   60.0  40.0    STD  Her X-1
  10.0        28797   11599   20794  1 290.0  35.0  290.0 -55.0    STD  FAIRALL 9
  11.0        16916   11525   20747  0   0.0  90.0    0.0   0.0    STD 
  12.0        28879   11509   20739  1 130.0  68.0  310.0  22.0    STD 
  13.0        16944   19421   20782  1   0.0  90.0    0.0   0.0    STD 
  13.5        17019   19437   26692  1 340.0  10.0  340.0 -80.0    STD  !!
  14.0        28830   12157   29148  1   0.0  90.0    0.0   0.0    STD 
  15.0        17064   11731   20863  1   0.0  90.0    0.0   0.0    STD 
  16.0        28846   11765   20934  1   0.0  90.0    0.0   0.0    STD 
  17.0        28834   11993   21252  1 280.0  60.0  280.0 -30.0    STD 
  18.0        28836   11941   21261  1 320.0  50.0  140.0  40.0    STD 
  19.0        28847   12008   21262  0   0.0  90.0    0.0   0.0    STD 
  20.0        16961   12011   21249  1   0.0  90.0    0.0   0.0    STD 
  21.0        16971   12428   21536  0   0.0  90.0    0.0   0.0    STD 
  23.0        19175   12391   21503  1   0.0  90.0    0.0   0.0    STD 
  24.0        32327   13409   26711  0   0.0  90.0    0.0   0.0    STD 
  24.5        32328   13410   26712  0   0.0  90.0    0.0   0.0    STD 
  25.0        24944   12429   21537  0   0.0  90.0    0.0   0.0    STD 
  26.0        32199   19438   26699  0 180.0  70.0    0.0  20.0    STD  !!
  27.0        24947   12474   21547  1   0.0  90.0    0.0   0.0    STD 
  28.0        32200   19441   26700  0 180.0  70.0    0.0  20.0    STD  !!
  29.0        24949   14855   21558  1 225.0  50.0  225.0 -40.0    STD 
  30.0        32224   19442   26705  1  72.0  60.0  252.0  30.0    STD  !! 
  31.0        28757   12653   21695  1   0.0  90.0    0.0   0.0    STD 
  32.0        24961   12810   21713  1 104.0  67.0  284.0  23.0    STD 
  33.0        32225   19443   26706  1  72.0  60.0  252.0  30.0    STD  !! 
  34.0        25449   12817   21766  1   0.0  90.0    0.0   0.0    STD 
  35.0        32262   19444   21765  1 335.0  65.0  335.0 -25.0    STD  !!
  36.0        32363   19613   26718  1   0.0  90.0    0.0   0.0    STD  !!
  36.5        32364   19614   26719  1   0.0  90.0    0.0   0.0    STD  !!
  37.0        24965   13151   21942  1 104.0  48.0  104.0 -42.0    STD 
  38.0        32263   13293   22088  1 335.0  65.0  335.0 -25.0    STD  !!
  39.0        24820   13153   21943  1   0.0  90.0    0.0   0.0    STD 
  40.0        26333   13155   21953  1  15.0  45.0  195.0  45.0    STD 
  41.0        32309   19445   26707  1   0.0  90.0    0.0   0.0    STD  !!
  42.0        25041   13061   21941  1   0.0  45.0    0.0 -45.0    STD 
  43.0        24969   13159   21954  1  31.0  62.0   31.0 -28.0    STD
  44.0        32310   19446   26708  1   0.0  90.0    0.0   0.0    STD  !!
 201.0        32381   13302   22089  1 250.0  50.0   70.0  40.0    STD  !!
 202.0        32382   13305   22090  1 250.0  50.0   70.0  40.0    STD  !!
 203.0        32384   13311   22098  1   0.0  90.0    0.0   0.0    STD  !!
 203.3        32385   13312   22099  1   0.0  90.0    0.0   0.0    STD  !!
 203.6        32386   13313   22100  1   0.0  90.0    0.0   0.0    STD  !!
 204.0        32387   15677   26727  0   0.0  90.0    0.0   0.0    STD  !!
 205.0        32388   15680   26728  0   0.0  90.0    0.0   0.0    STD  !!
 206.0        32389   15682   26729  0   0.0  90.0    0.0   0.0    STD  !!
 207.0        19734   13633   22301  1 134.0  59.0  314.0  31.0    STD 
 208.0        19324   13636   22303  1 127.0  69.0  307.0  21.0    STD 
 209.0        19738   13639   22305  1   0.0  56.0    0.0 -34.0    STD 
 210.0        32390   13642   22306  1   0.0  90.0    0.0   0.0    STD  !!
 211.0        19373   13646   22307  1   0.0  90.0    0.0   0.0    STD 
 212.0        20158   13649   22309  1   0.0  90.0    0.0   0.0    STD 
 213.0        19529   13654   22310  1   0.0  90.0    0.0   0.0    STD 
 214.0        32391   13657   22311  1   0.0  90.0    0.0   0.0    STD  !!
 215.0        32392   13660   22312  1 132.0  67.0  312.0  23.0    STD  !!
 216.0        19390   13663   22313  1 321.0  52.0  141.0  38.0    STD 
 217.0        32393   13666   22314  1 132.0  67.0  312.0  23.0    STD  !!
 218.0        20126   13993   22567  1 331.0  19.0  151.0  71.0    STD 
 219.4        20164   14005   22569  1   0.0  90.0    0.0   0.0    STD 
 220.0        20205   14040   22586  1 298.0  45.0  298.0 -45.0    STD 
 221.0        21899   14033   23884  1   0.0  90.0    0.0   0.0    STD 
 222.0        20244   14055   22599  1 338.0  19.0  158.0  71.0    STD 
 223.0        20261   14060   22600  1   0.0  90.0    0.0   0.0    STD 
 224.0        20271   14063   22609  1 298.0  45.0  298.0 -45.0    STD 
 226.0        20348   14124   22622  1   0.0  90.0    0.0   0.0    STD 
 227.0        21875   14130   22623  1 328.0  49.0  148.0  41.0    STD 
 228.0        21877   14134   22632  1 328.0  49.0  328.0  41.0    STD 
 230.0        32394   14368   26731  1   0.0  90.0    0.0   0.0    STD   !!
 230.5        32395   14369   26732  1   0.0  90.0    0.0   0.0    STD   !!
 231.0        23219   14185   22659  1   0.0  90.0    0.0   0.0    STD 
 229.0        20423   14141   22633  1   0.0  90.0    0.0   0.0    STD   !!
 301.0        20739   14254   22736  1   0.0  90.0    0.0   0.0    STD 
 232.0        32438   15716   26733  1   0.0  90.0    0.0   0.0    STD 
 232.5        32439   15718   26734  1   0.0  90.0    0.0   0.0    STD 
 302.0        20803   14274   22810  1   0.0  90.0    0.0   0.0    STD 
 302.3        20841   18935   22823  1   0.0  90.0    0.0   0.0    STD 
 303.0        30340   14331   26377  1   0.0  90.0    0.0   0.0    STD 
 303.2        30341   14335   26378  1   0.0  90.0    0.0   0.0    STD   !!
 304.0        21092   14413   23163  0   0.0  90.0    0.0   0.0    STD 
 305.0        21094   14422   23164  0   0.0  90.0    0.0   0.0    STD 
 306.0        22113   14427   23165  0   0.0  90.0    0.0   0.0    STD 
 307.0        22114   14436   23438  0   0.0  90.0    0.0   0.0    STD 
 308.0        22140   14708   23692  0   0.0  90.0    0.0   0.0    STD   !!
 310.0        22420   14541   23412  1   0.0  90.0    0.0   0.0    STD 
 311.0        22102   14607   23441  0   0.0  90.0    0.0   0.0    STD   !!
 312.0        21531   14609   23442  0   0.0  90.0    0.0   0.0    STD 
 313.0        21596   14611   23443  0   0.0  90.0    0.0   0.0    STD 
 314.0        32719   14602   26765  1   0.0  90.0    0.0   0.0    STD   !!
 315.0        32722   14605   26766  1   0.0  90.0    0.0   0.0    STD   !!
 316.0        22153   14640   23444  1   0.0  90.0    0.0   0.0    STD 
 318.0        22146   14641   23445  1   0.0  90.0    0.0   0.0    STD 
 321.1        32723   14643   23446  1   0.0  90.0    0.0   0.0    STD   !!
 321.5        32724   14625   23447  1   0.0  90.0    0.0   0.0    STD   !!
 317.0        22663   14638   23459  1 158.0  45.0  158.0 -45.0    STD  
 319.0        32725   14921   23861  1   0.0  90.0    0.0   0.0    STD   !!
 320.0        22721   14938   23879  1  83.0  45.0   83.0 -45.0    STD 
 319.5        32727   14923   23862  1   0.0  90.0    0.0   0.0    STD   !!
 323.0        22692   14982   23908  1   0.0  90.0    0.0   0.0    STD 
 322.0        23014   14963   23898  1  17.0  31.0  197.0  59.0    STD 
 324.0        22697   15091   23909  1   0.0  90.0    0.0   0.0    STD 
 325.0        23185   15084   23934  1   0.0  90.0    0.0   0.0    STD 
 326.0        28687   15093   24091  1  16.0  32.0  196.0  58.0    STD 
 327.0        23577   15265   26379  1  83.0  40.0   83.0 -50.0    STD 
 328.0        28683   15206   24268  1   0.0  90.0    0.0   0.0    STD 
 329.0        23208   15110   24166  1 253.0  48.0  253.0 -42.0    STD 
 331.0        23210   18253   24331  1   0.0  90.0    0.0   0.0    STD   !!
 330.0        23213   15250   24296  1   0.0  90.0    0.0   0.0    STD 
 331.5        26141   18254   26767  1   0.0  90.0    0.0   0.0    STD   !!
 332.0        23566   15258   24316  1   0.0  90.0    0.0   0.0    STD 
 333.0        24268   15301   24333  1   0.0  90.0    0.0   0.0    STD 
 335.0        23743   15303   24334  1 253.0  48.0  253.0 -42.0    STD 
 334.0        23747   15306   24335  1   0.0  90.0    0.0   0.0    STD 
 335.5        23750   15308   24336  1 253.0  48.0  253.0 -42.0    STD 
 336.0        23628   15288   24330  1  88.0  43.0   88.0 -47.0    STD 
 336.5        23754   15310   24370  1   0.0  90.0    0.0   0.0    STD 
 337.0        28298   15554   25968  1   0.0  90.0    0.0   0.0    STD 
 338.0        23704   15330   24411  1   0.0  90.0    0.0   0.0    STD 
 338.5        24591   15630   24654  1   0.0  90.0    0.0   0.0    STD 
 339.0        24621   15812   24710  1 184.0  50.0    4.0  40.0    STD  
 401.0        25413   15845   24725  1   0.0  90.0    0.0   0.0    STD 
 402.0        32742   19749   26768  1   0.0  90.0    0.0   0.0    STD   !!
 402.5        32744   19750   26769  1   0.0  90.0    0.0   0.0    STD   !!
 403.0        25574   18536   25188  1 238.0  53.0   58.0  37.0    STD 
 403.5        25577   18538   26412  1  27.0  54.0  207.0  36.0    STD 
 404.0        25402   18312   25953  1   7.0  17.0    7.0 -73.0    STD 
 405.0        25408   16402   25197  0   0.0  90.0    0.0   0.0    STD 
 405.5        25409   16567   25198  0   0.0  90.0    0.0   0.0    STD 
 406.0        25415   16566   25199  0   0.0  90.0    0.0   0.0    STD 
 407.0        25647   16752   25306  0   0.0  90.0    0.0   0.0    STD 
 408.0        25782   16805   26425  0   0.0  90.0    0.0   0.0    STD 
 409.0        25861   17149   25491  1 275.0  51.0  275.0 -39.0    STD 
 410.0        25864   17154   25492  1  82.0  57.0   82.0 -33.0    STD 
 411.1        30422   22991   26433  1 325.0  66.0  145.0  24.0    STD 
 411.5        30423   17159   26441  1 325.0  66.0  145.0  24.0    STD 
 412.0        30424   17740   26453  1   0.0  90.0    0.0   0.0    STD 
 413.0        30425   17210   26459  1   0.0  90.0    0.0   0.0    STD 
 414.0        26783   17309   25585  1   0.0  90.0    0.0   0.0    STD 
 414.3        26836   17318   25617  1   0.0  90.0    0.0   0.0    STD 
 419.1        26838   17319   25619  1 207.0  71.0  207.0 -19.0    STD 
 415.0        26829   17321   26462  1 276.0  66.0  276.0 -24.0    STD 
 418.0        28740   17325   25659  1 338.0  24.0  158.0  66.0    STD 
 419.5        30436   17502   26463  1   0.0  90.0    0.0   0.0    STD 
 420.0        30437   17326   26464  1   0.0  90.0    0.0   0.0    STD 
 421.0        27417   17727   25770  1   0.0  90.0    0.0   0.0    STD 
 422.0        27421   17729   25772  1   0.0  90.0    0.0   0.0    STD 
 423.0        25900   17114   25423  1   0.0  90.0    0.0   0.0    STD 
 423.5        26047   17147   25475  1   0.0  90.0    0.0   0.0    STD 
 424.0        27958   17953   25833  1   0.0  90.0    0.0   0.0    STD 
 425.0        27890   17956   25834  1 137.0  43.0  137.0 -47.0    STD 
 426.0        27906   17978   25847  1   0.0  90.0    0.0   0.0    STD 
 427.0        28015   18019   25869  1   0.0  90.0    0.0   0.0    STD 
 428.0        28067   18051   25888  1 270.0   8.0  270.0 -82.0    STD 
 429.0        28126   18075   25889  1   0.0  90.0    0.0   0.0    STD 
 429.5        28129   18102   25890  1   0.0  90.0    0.0   0.0    STD 
 501.0        28169   18181   25920  1   0.0  90.0    0.0   0.0    STD 
 502.0        28171   18184   25922  1   0.0  90.0    0.0   0.0    STD 
 505.0        28251   18188   26465  1   0.0  90.0    0.0   0.0    STD 
 506.0        28254   18199   26466  1   0.0  90.0    0.0   0.0    STD 
 503.0        28256   18206   26467  1   0.0  90.0    0.0   0.0    STD 
 504.0        28258   18210   26468  1   0.0  90.0    0.0   0.0    STD 
 507.0        28261   18216   26469  1  77.0  51.0   77.0 -39.0    STD 
 508.0        28264   18219   25938  1   0.0  90.0    0.0   0.0    STD 
 509.0        28514   18224   26034  1   0.0  90.0    0.0   0.0    STD 
 510.0        32728   18380   26770  1   0.0  90.0    0.0   0.0    STD    !!
 510.5        32731   18383   26772  1   0.0  90.0    0.0   0.0    STD    !!
 511.0        28574   18416   26470  0   0.0  90.0    0.0   0.0    STD 
 511.5        28576   18418   26471  0   0.0  90.0    0.0   0.0    STD 
 513.0        28604   18438   26062  1  18.0  38.0   18.0 -52.0    STD 
 514.0        28608   18442   26118  1  62.0  29.0   62.0 -61.0    STD 
 515.0        28744   18565   26131  1 339.0   7.0  159.0  83.0    STD 
 517.0        29123   18750   26249  1 227.0  30.0  227.0 -60.0    STD 
 516.1        28938   18662   26196  1   0.0  90.0    0.0   0.0    STD 
 516.5        28941   18665   26197  1 241.0  49.0   61.0  41.0    STD 
 518.5        29128   18754   26250  1 324.0  62.0  144.0  28.0    STD 
 519.0        29125   18752   26251  1 243.0  50.0   63.0  40.0    STD 
 520.0        29530   18831   26317  1   0.0  90.0    0.0   0.0    STD 
 520.4        29321   18830   26285  1  18.0  38.0   18.0 -52.0    STD 
 521.0        29533   18871   26318  1 276.0  54.0  276.0 -36.0    STD 
 522.0        30102   18872   26319  1   0.0  90.0    0.0   0.0    STD 
 522.5        29535   18873   26320  1   0.0  90.0    0.0   0.0    STD 
 523.0        30105   18933   26359  1   0.0  90.0    0.0   0.0    STD  
 524.0        32006   19215   26666  1   0.0  90.0    0.0   0.0    STD
 525.0        32039   19520   26667  1 339.0  35.0  339.0 -55.0    STD
 526.0        32503   19521   26672  1   0.0  90.0    0.0   0.0    STD
 527.0        32059   19536   26668  1   0.0  90.0    0.0   0.0    STD
 528.0        32060   19537   26669  1   0.0  90.0    0.0   0.0    STD
 529.5        32061   19538   26671  1   0.0  90.0    0.0   0.0    STD
 530.0        32506   19729   26743  1   0.0  90.0    0.0   0.0    STD
 531.0        32501   19730   26744  1   0.0  90.0    0.0   0.0    STD
 601.1        33644   19916   26917  1   0.0  90.0    0.0   0.0    STD
 520.9        33649   19923   26934  1   0.0  90.0    0.0   0.0    STD
 602.0        33700   19925   26935  1 240.0  25.0   60.0  65.0    STD
 603.0        33701   19954   27000  1 235.7  25.8   66.7  64.2    STD
 605.1        33783   19974   27004  1 223.2  33.3   43.2  56.8    STD
 604.1        34023   20109   27145  1  48.0 -29.0   48.0  61.0    STD
 606.0        34024   20113   27146  0   0.0  90.0    0.0   0.0    STD
 607.0        34025   20123   27147  0   0.0  90.0    0.0   0.0    STD
 608.0        34026   20117   27148  0   0.0  90.0    0.0   0.0    STD
 609.0        34034   20145   27149  0   0.0  90.0    0.0   0.0    STD
 610.0        34035   20153   27150  0   0.0  90.0    0.0   0.0    STD
 610.5        34036   20158   27151  0   0.0  90.0    0.0   0.0    STD
 611.1        34037   20159   27152  0   0.0  90.0    0.0   0.0    STD
 612.5        34038   20160   27153  1   0.0  90.0    0.0   0.0    STD
 624.1        34766   20265   27222  1   0.0  90.0    0.0   0.0    STD  Gal 16+00
 614.5        34984   20323   27234  1  40.0  30.0   40.0 -60.0    STD  Gal 40-60
 616.1        36512   20981   27337  1   0.0  90.0    0.0   0.0    STD  PKS 0528+134
 617.1        36572   20698   27447  1   0.0  90.0    0.0   0.0    STD  Orion-3
 617.3        36695   20717   27448  1   0.0  90.0    0.0   0.0    STD  Orion-3
 617.5        36709   20720   27449  1   0.0  90.0    0.0   0.0    STD  Orion-3
 617.7        36729   20724   27451  1   0.0  90.0    0.0   0.0    STD  Orion-3
 617.8        36730   20725   27246  1  67.0 -53.0   67.0  37.0    STD  MKN 501
 618.0        36784   20744   27483  1   0.0  90.0    0.0   0.0    STD  Carina-2
 619.0        37006   20761   27491  1   0.0  90.0    0.0   0.0    STD  Cir X-1
 619.2        37146   20764   27492  1   0.0  90.0    0.0   0.0    STD  GRS 1915+105
 619.4        37148   20767   27493  1   0.0  90.0    0.0   0.0    STD  Cir X-1
 619.7        37414   20611   27514  1   0.0  90.0    0.0   0.0    STD  Cir X-1
 620.0        37209   20768   27494  1   0.0  90.0    0.0   0.0    STD  Gal. 16+04
 621.5        38613   20948   27599  0   0.0  90.0    0.0   0.0    STD  3C 279
 622.0        38635   20949   27600  1   0.0  90.0    0.0   0.0    STD  Orion-1
 623.5        38621   20950   27601  1   0.0  90.0    0.0   0.0    STD  BL Lac
 623.0        38622   20951   27602  1   0.0  90.0    0.0   0.0    STD  Orion-2
 625.0        38623   20952   27603  1   0.0  90.0    0.0   0.0    STD  GRS 1758-258
 615.1        38625   20957   27604  1   0.0  90.0    0.0   0.0    STD  PKS 1622-297
 626.0        38627   20958   27605  1 270.0  15.0  270.0 -75.0    STD  GAL 270-75
 627.0        38629   20959   27606  1   0.0  90.0    0.0   0.0    STD  PSR 1055-52
 628.0        38631   20960   27607  1 300.0  16.0  300.0 -74.0    STD  Gal. 300-74
 629.0        38683   20962   27608  1 300.0  16.0  300.0 -74.0    STD  Gal. 300-74
 630.0        38928   21151   27723  1   0.0  90.0    0.0   0.0    STD  PSR 1055
 632.1        38934   21152   27724  1   0.0  90.0    0.0   0.0    STD  Carina-1
 631.1        38930   21153   27725  1 157.0  51.0  157.0 -39.0    STD  PKS 0235
 701.0        43409   21570   27915  1  10.0  35.0   10.0 -55.0    STD  PKS 2155-304
 702.0        42295   21571   27916  1  10.0  35.0   10.0 -55.0    STD  PKS 2155-304
 703.0        42298   21592   27917  1   0.0  90.0    0.0   0.0    STD  GAL 035+20
 704.0        42300   21593   27919  1   0.0  90.0    0.0   0.0    STD  GAL 035+20
 705.0        42937   21627   27920  1   0.0  90.0    0.0   0.0    STD  PSR B1509-58
 706.0        42928   21573   27921  1   0.0  90.0    0.0   0.0    SRD  PSR B1509-58
 707.0        42932   21574   27922  1   0.0  90.0    0.0   0.0    SRD  PSR B1509-58
 708.0        42934   21575   27923  1  10.0  35.0   10.0 -55.0    STD  PKS 2155-304
 709.1        42939   21576   27924  1  10.0  35.0   10.0 -55.0    STD  PKS 2155-304
 710.0        43360   21577   27925  1  85.0 -60.0   85.0  30.0    STD  2EG J1835+5919
 711.0        42943   21578   27926  1  85.0 -60.0   85.0  30.0    STD  2EG J1835+5919
 712.0        43316   21584   27927  1   0.0  90.0    0.0   0.0    STD  GAL 035+20
 713.0        42945   21586   27928  1   0.0  90.0    0.0   0.0    STD  GAL 110-20
 714.0        43040   21587   27929  1  40.0  18.0   40.0 -72.0    STD  GAL 350-70
 715.0        43042   21588   27930  1  57.0  16.0   57.0 -74.0    STD  GAL 350-70
 715.5        43044   21589   27932  1 190.0 -12.0  190.0  78.0    STD  1156+295 (ToO)
 716.5        43138   21590   27939  1 177.0 -28.0  177.0  62.0    STD  Mrk 421
 716.7        43140   21673   27940  1 178.0 -26.0  178.0  64.0    STD  Mrk 421
 717.0        43318   21674   27941  1   0.0  90.0    0.0   0.0    STD  Cen X-3
 718.0        43320   21987   28062  1   0.0  90.0    0.0   0.0    STD  Cen X-3
 719.0        43322   21675   28063  1   0.0  90.0    0.0   0.0    STD  Cen X-3
 720.5        43324   21989   28064  1   0.0  90.0    0.0   0.0    STD  GRS1915+105
 721.0        43326   21990   28065  1  63.6 -51.2   63.6  38.8    STD  Mrk 501
 721.5        43328   22037   28066  1 234.0 -33.0  234.0  57.0    STD  SN1998bu (LOW mode)
 722.5        43363   22273   28067  1  63.6 -51.2   63.6  38.8    STD  Mrk 501
 723.5        43346   22032   28074  1 230.0 -35.0  230.0  55.0    STD  SN1998bu (LOW mode)
 725.5        43344   22033   28073  1 230.0 -35.0  230.0  55.0    STD  SN1998bu (MODIFIED LOW)
 726.5        43331   22034   28075  1 230.0 -35.0  230.0  55.0    STD  SN1998bu (MODIFIED LOW)
 727.5        43335   21991   28068  1   0.0  90.0    0.0   0.0    STD  Gal 269-03
 727.7        43337   21995   28069  1 239.0 -31.2  239.0  58.8    STD  SN1998bu
 724.5        43029   22198   28245  1   0.0  90.0    0.0   0.0    STD  Geminga
 728.5        43348   22199   28246  1 232.0 -34.0  232.0  56.0    STD  SN1998bu (norm.)
 728.6        43387   22201   28253  1 232.0 -34.0  232.0  56.0    STD  SN1998bu (VP 728.5 MOFIFIED LOW)
 730.6        43341   22232   28247  1 236.0 -35.0  236.0  55.0    STD  SN1998bu (MODIFIED LOW)
 731.5        43390   22283   28248  1 232.0 -31.0  232.0  59.0    STD  SN1998bu
 732.5        43392   22291   28249  1  58.0  78.0   58.0 -12.0    STD  GAL 058-12
 728.7        43394   22292   28250  1 139.0  71.0  139.0 -19.0    STD  PSR 0218
 729.5        47303   22293   28251  1   0.0  90.0    0.0   0.0    STD  XTE J1550-564
 734.0        46723   22294   28363  1 204.0  18.0  204.0 -72.0    STD  GAL 190-70
 728.9        46721   22439   28361  1 139.0  71.0  139.0 -19.0    STD  PSR 0218
 734.5        46932   22507   28357  1 204.0  18.0  204.0 -72.0    STD  GAL 190-70
 736.0        47298   22508   28358  1   0.0  90.0    0.0   0.0    STD  Orion
 736.7        46934   22509   28359  1   0.0  90.0    0.0   0.0    STD  Orion
 737.0        47300   22510   28360  1   0.0  90.0    0.0   0.0    STD  Gal 044-09
 801.0        47375   22631   28443  1 282.0  30.0  282.0 -60.0    STD  PKS 0208-512 
 802.0        47377   22632   28444  1 276.0  28.0  276.0 -62.0    STD  PKS 0208-512 
 803.5        47306   22633   28445  1   0.0   6.0    0.0 -84.0    STD  Gal S-Pole 
 804.0        47308   22635   28446  1   0.0  90.0    0.0   0.0    STD  G. Scan (62/-5) 
 807.5        47379   22638   28447  0   0.0  90.0    0.0   0.0    STD  3C 279 
 806.5        47727   22846   28448  0   0.0  90.0    0.0   0.0    STD  3C 273 
 806.7        47729   22853   28522  0   0.0  90.0    0.0   0.0    STD  3C 279 (ToO) 
 805.5        50441   23616   28524  1  33.0  18.0   33.0 -72.0    S80  G South Pole 
 808.5        48280   22863   28525  1   0.0  90.0    0.0   0.0    STD  J1550-564
 809.0        48181   23015   28526  1 343.0 -53.0  343.0  37.0    STD  Cen/Lupus
 810.0        50437   23603   28592  1 122.0  18.0  122.0 -62.0    S80  Survey + Sun
 811.5        48185   23016   28593  1   0.0  90.0    0.0   0.0    STD  GRS 1915+105
 812.5        48191   23023   28594  1   0.0  90.0    0.0   0.0    STD  GRS 1915+105
 813.5        48193   23024   28595  1   0.0  90.0    0.0   0.0    STD  GRS 1915+105
 814.0        50443   23167   28679  1 160.0  46.0  160.0 -44.0    S80  Survey + Sun
 815.0        50445   23025   28596  1 166.0  52.0  166.0 -38.0    S80  Survey + Sun
 816.0        50461   23210   28860  1   0.0  90.0    0.0   0.0    S80  Geminga
 817.2        50432   23222   28861  1   0.0  90.0    0.0   0.0    STD  Gal 335+00
 817.5        50458   23619   28862  1 341.0 -67.0  341.0  23.0    STD  Nova Velorum
 819.5        50435   23600   28881  1   0.0  90.0    0.0   0.0    STD  Nova Velorum
 820.0        50439   23615   29123  1 239.0 -59.0  239.0  31.0    S80  Puppis
 820.7        50396   23231   28864  1 239.0 -59.0  239.0  31.0    S80  Puppis
 821.0        50447   23226   28865  1   0.0  90.0    0.0   0.0    S80  PSR 1509
 822.0        50449   23227   28866  1   0.0  90.0    0.0   0.0    S80  PSR 1509
 823.0        50451   23228   28867  1   0.0  90.0    0.0   0.0    S80  PSR 1509
 824.0        50453   23365   28868  1   0.0  90.0    0.0   0.0    S80  PSR 1509
 825.0        50400   23582   28869  1   0.0  90.0    0.0   0.0    S80  PSR 1509
 826.0        50402   23584   28870  1   0.0  90.0    0.0   0.0    S80  PSR 1509
 827.0        50404   23586   28871  1   0.0  90.0    0.0   0.0    S80  Cygnus
 828.0        50406   23587   28872  1   0.0  90.0    0.0   0.0    S80  Cygnus
 829.0        50408   23590   28873  1   0.0  90.0    0.0   0.0    S80  PKS 0528
 830.5        50410   23591   28874  1   0.0  90.0    0.0   0.0    S80  Nova Vel
 831.5        50412   23592   28875  1   0.0  90.0    0.0   0.0    S80  Cyg X-1
 831.7        50414   23593   28876  1   0.0  90.0    0.0   0.0    S80  XTE 1859
 832.0        50455   23594   28877  1   0.0  90.0    0.0   0.0    S80  Cygnus
 833.9        50416   23595   28878  1 276.0  28.0  276.0 -62.0    S80  PKS 0208
 834.7        50420   23597   28879  1   0.0  90.0    0.0   0.0    S80  Cyg X-1
 835.0        50424   23598   28880  1   0.0   3.0    0.0 -87.0    S80  S. Gal. Pole
 901.0        50841   23778   28969  1   0.0  90.0    0.0   0.0    S80  Gal 004+00
 902.0        50842   23779   28970  1   0.0  90.0    0.0   0.0    S80  Gal005-05
 903.1        50844   23780   28971  1   0.0  90.0    0.0   0.0    S80  AKN 120
 904.2        50995   23781   28972  1  15.0  60.0   15.0 -30.0    S80  Sun
 905.0        50846   23782   28973  1   0.0  90.0    0.0   0.0    S80  Gal 018-19
 906.0        50849   23784   28974  1  20.0  64.0   20.0 -26.0    S80  Sun
 907.0        50851   23785   28975  1  25.0  59.0   25.0 -31.0    S80  Sun
 908.5        50854   23787   28976  1   0.0  90.0    0.0   0.0    S80  Vela pulsar
 909.0        50856   24073   28977  1  38.0  48.0   38.0 -42.0    S80  Sun
 910.0        50997   23793   28978  0   0.0  90.0    0.0   0.0    S80  3C279
 911.1        51143   23888   29021  0   0.0  90.0    0.0   0.0    S80  3C273
 912.5        51140   23889   29022  1   0.0  90.0    0.0   0.0    S80  N Vel 1999       
 913.0        51509   23890   29023  1 102.0  22.0  102.0 -68.0    S80  Sun       
 914.0        51510   24057   29106  1 119.0  28.0  119.0 -62.0    S80  Sun       
 915.0        52003   24064   29110  0   0.0  90.0    0.0   0.0    S80  Sun       
 916.0        52005   24065   29111  0   0.0  90.0    0.0   0.0    S80  Sun       
 917.5        52007   24066   29112  0   0.0  90.0    0.0   0.0    S80  GRS 1915+105       
 918.5        52009   24067   29114  1   0.0  90.0    0.0   0.0    S80  Anticenter       
 919.5        52011   24068   29115  0   0.0  90.0    0.0   0.0    S80  Sun
